MOTIF MA0010.1 br
letter-probability matrix: alength= 4 w= 14 nsites= 9 E= 0
 0.333333  0.111111  0.444444  0.111111
 0.111111  0.111111  0.111111  0.666667
 0.555556  0.222222  0.111111  0.111111
 0.777778  0.000000  0.111111  0.111111
 0.333333  0.000000  0.000000  0.666667
 0.666667  0.000000  0.000000  0.333333
 0.444444  0.111111  0.444444  0.000000
 0.777778  0.000000  0.111111  0.111111
 0.111111  0.888889  0.000000  0.000000
 1.000000  0.000000  0.000000  0.000000
 0.888889  0.000000  0.111111  0.000000
 0.555556  0.000000  0.333333  0.111111
 0.444444  0.000000  0.000000  0.555556
 0.222222  0.333333  0.222222  0.222222
URL http://jaspar.genereg.net/matrix/MA0010.1

MOTIF MA0011.1 br(var.2)
letter-probability matrix: alength= 4 w= 8 nsites= 12 E= 0
 0.250000  0.083333  0.083333  0.583333
 0.416667  0.166667  0.083333  0.333333
 0.000000  0.833333  0.000000  0.166667
 0.000000  0.083333  0.000000  0.916667
 1.000000  0.000000  0.000000  0.000000
 0.083333  0.083333  0.166667  0.666667
 0.166667  0.000000  0.083333  0.750000
 0.083333  0.166667  0.083333  0.666667
URL http://jaspar.genereg.net/matrix/MA0011.1

MOTIF MA0012.1 br(var.3)
letter-probability matrix: alength= 4 w= 11 nsites= 12 E= 0
 0.250000  0.083333  0.083333  0.583333
 0.750000  0.166667  0.083333  0.000000
 0.833333  0.000000  0.000000  0.166667
 1.000000  0.000000  0.000000  0.000000
 0.000000  0.833333  0.083333  0.083333
 0.333333  0.000000  0.000000  0.666667
 0.833333  0.000000  0.000000  0.166667
 0.500000  0.000000  0.333333  0.166667
 0.500000  0.083333  0.166667  0.250000
 0.333333  0.250000  0.166667  0.250000
 0.166667  0.250000  0.416667  0.166667
URL http://jaspar.genereg.net/matrix/MA0012.1

MOTIF MA0013.1 br(var.4)
letter-probability matrix: alength= 4 w= 11 nsites= 6 E= 0
 0.166667  0.166667  0.000000  0.666667
 0.666667  0.000000  0.000000  0.333333
 0.333333  0.000000  0.666667  0.000000
 0.166667  0.000000  0.000000  0.833333
 0.833333  0.000000  0.166667  0.000000
 1.000000  0.000000  0.000000  0.000000
 0.833333  0.000000  0.166667  0.000000
 0.166667  0.500000  0.166667  0.166667
 0.500000  0.000000  0.166667  0.333333
 0.833333  0.000000  0.000000  0.166667
 0.500000  0.166667  0.000000  0.333333
URL http://jaspar.genereg.net/matrix/MA0013.1

MOTIF MA0015.1 Cf2
letter-probability matrix: alength= 4 w= 10 nsites= 80 E= 0
 0.312500  0.162500  0.500000  0.025000
 0.012500  0.025000  0.012500  0.950000
 0.925000  0.025000  0.050000  0.000000
 0.000000  0.112500  0.050000  0.837500
 0.975000  0.025000  0.000000  0.000000
 0.012500  0.050000  0.012500  0.925000
 0.512500  0.025000  0.450000  0.012500
 0.025000  0.112500  0.012500  0.850000
 0.662500  0.037500  0.250000  0.050000
 0.150000  0.362500  0.187500  0.300000
URL http://jaspar.genereg.net/matrix/MA0015.1

MOTIF MA0016.1 usp
letter-probability matrix: alength= 4 w= 10 nsites= 38 E= 0
 0.000000  0.026316  0.973684  0.000000
 0.026316  0.000000  0.947368  0.026316
 0.000000  0.000000  1.000000  0.000000
 0.000000  0.000000  1.000000  0.000000
 0.000000  0.000000  0.000000  1.000000
 0.000000  0.947368  0.026316  0.026316
 0.921053  0.000000  0.078947  0.000000
 0.131579  0.657895  0.078947  0.131579
 0.131579  0.210526  0.578947  0.078947
 0.157895  0.263158  0.421053  0.157895
URL http://jaspar.genereg.net/matrix/MA0016.1

MOTIF MA0022.1 dl
letter-probability matrix: alength= 4 w= 12 nsites= 13 E= 0
 0.000000  0.384615  0.461538  0.153846
 0.000000  0.000000  0.923077  0.076923
 0.000000  0.076923  0.846154  0.076923
 0.000000  0.000000  0.769231  0.230769
 0.076923  0.076923  0.230769  0.615385
 0.076923  0.000000  0.153846  0.769231
 0.076923  0.000000  0.000000  0.923077
 0.000000  0.000000  0.000000  1.000000
 0.000000  0.230769  0.000000  0.769231
 0.076923  0.692308  0.000000  0.230769
 0.076923  0.692308  0.076923  0.153846
 0.230769  0.384615  0.384615  0.000000
URL http://jaspar.genereg.net/matrix/MA0022.1

MOTIF MA0026.1 Eip74EF
letter-probability matrix: alength= 4 w= 7 nsites= 17 E= 0
 0.117647  0.705882  0.117647  0.058824
 0.294118  0.705882  0.000000  0.000000
 0.000000  0.000000  1.000000  0.000000
 0.000000  0.000000  1.000000  0.000000
 1.000000  0.000000  0.000000  0.000000
 1.000000  0.000000  0.000000  0.000000
 0.294118  0.058824  0.588235  0.058824
URL http://jaspar.genereg.net/matrix/MA0026.1

MOTIF MA0049.1 hb
letter-probability matrix: alength= 4 w= 10 nsites= 16 E= 0
 0.062500  0.312500  0.500000  0.125000
 0.375000  0.500000  0.125000  0.000000
 0.562500  0.187500  0.250000  0.000000
 0.250000  0.187500  0.062500  0.500000
 0.812500  0.062500  0.000000  0.125000
 1.000000  0.000000  0.000000  0.000000
 1.000000  0.000000  0.000000  0.000000
 0.875000  0.000000  0.125000  0.000000
 0.937500  0.062500  0.000000  0.000000
 0.562500  0.125000  0.125000  0.187500
URL http://jaspar.genereg.net/matrix/MA0049.1

MOTIF MA0085.1 Su(H)
letter-probability matrix: alength= 4 w= 16 nsites= 10 E= 0
 0.100000  0.300000  0.300000  0.300000
 0.000000  0.400000  0.000000  0.600000
 0.000000  0.000000  1.000000  0.000000
 0.000000  0.000000  0.000000  1.000000
 0.000000  0.000000  1.000000  0.000000
 0.300000  0.000000  0.700000  0.000000
 0.000000  0.000000  1.000000  0.000000
 1.000000  0.000000  0.000000  0.000000
 1.000000  0.000000  0.000000  0.000000
 0.500000  0.500000  0.000000  0.000000
 0.100000  0.700000  0.100000  0.100000
 0.100000  0.200000  0.400000  0.300000
 0.400000  0.200000  0.200000  0.200000
 0.300000  0.100000  0.400000  0.200000
 0.400000  0.300000  0.200000  0.100000
 0.200000  0.100000  0.200000  0.500000
URL http://jaspar.genereg.net/matrix/MA0085.1

MOTIF MA0126.1 ovo
letter-probability matrix: alength= 4 w= 9 nsites= 21 E= 0
 0.476190  0.190476  0.000000  0.333333
 0.047619  0.190476  0.666667  0.095238
 0.190476  0.095238  0.095238  0.619048
 0.952381  0.000000  0.000000  0.047619
 1.000000  0.000000  0.000000  0.000000
 0.000000  1.000000  0.000000  0.000000
 0.333333  0.238095  0.142857  0.285714
 0.000000  0.000000  1.000000  0.000000
 0.238095  0.190476  0.095238  0.476190
URL http://jaspar.genereg.net/matrix/MA0126.1

MOTIF MA0185.1 Deaf1
letter-probability matrix: alength= 4 w= 6 nsites= 10 E= 0
 0.000000  0.300000  0.000000  0.700000
 0.000000  0.000000  0.000000  1.000000
 0.000000  1.000000  0.000000  0.000000
 0.000000  0.000000  1.000000  0.000000
 0.000000  0.000000  0.500000  0.500000
 0.100000  0.300000  0.400000  0.200000
URL http://jaspar.genereg.net/matrix/MA0185.1

MOTIF MA0190.1 Gsc
letter-probability matrix: alength= 4 w= 6 nsites= 22 E= 0
 0.000000  0.000000  0.000000  1.000000
 1.000000  0.000000  0.000000  0.000000
 1.000000  0.000000  0.000000  0.000000
 0.000000  0.000000  0.000000  1.000000
 0.000000  1.000000  0.000000  0.000000
 0.000000  0.636364  0.090909  0.272727
URL http://jaspar.genereg.net/matrix/MA0190.1

MOTIF MA0193.1 schlank
letter-probability matrix: alength= 4 w= 7 nsites= 19 E= 0
 0.000000  1.000000  0.000000  0.000000
 0.000000  0.473684  0.000000  0.526316
 0.894737  0.105263  0.000000  0.000000
 0.052632  0.947368  0.000000  0.000000
 0.000000  0.631579  0.000000  0.368421
 0.947368  0.000000  0.052632  0.000000
 0.631579  0.000000  0.210526  0.157895
URL http://jaspar.genereg.net/matrix/MA0193.1

MOTIF MA0205.1 Trl
letter-probability matrix: alength= 4 w= 10 nsites= 71 E= 0
 0.056338  0.309859  0.126761  0.507042
 0.084507  0.323944  0.154930  0.436620
 0.169014  0.084507  0.422535  0.323944
 0.000000  0.901408  0.042254  0.056338
 0.042254  0.000000  0.197183  0.760563
 0.014085  0.985915  0.000000  0.000000
 0.183099  0.000000  0.028169  0.788732
 0.070423  0.760563  0.098592  0.070423
 0.098592  0.183099  0.154930  0.563380
 0.126761  0.464789  0.140845  0.267606
URL http://jaspar.genereg.net/matrix/MA0205.1

MOTIF MA0213.1 brk
letter-probability matrix: alength= 4 w= 8 nsites= 10 E= 0
 0.100000  0.500000  0.400000  0.000000
 0.000000  0.400000  0.000000  0.600000
 0.000000  0.000000  1.000000  0.000000
 0.000000  0.000000  1.000000  0.000000
 0.000000  1.000000  0.000000  0.000000
 0.100000  0.000000  0.900000  0.000000
 0.100000  0.800000  0.000000  0.100000
 0.000000  0.500000  0.100000  0.400000
URL http://jaspar.genereg.net/matrix/MA0213.1

MOTIF MA0242.1 Bgb::run
letter-probability matrix: alength= 4 w= 9 nsites= 29 E= 0
 0.413793  0.068966  0.000000  0.517241
 0.931034  0.000000  0.034483  0.034483
 0.965517  0.000000  0.034483  0.000000
 0.000000  1.000000  0.000000  0.000000
 0.000000  0.965517  0.034483  0.000000
 0.172414  0.034483  0.793103  0.000000
 0.000000  1.000000  0.000000  0.000000
 0.965517  0.000000  0.000000  0.034483
 0.689655  0.000000  0.310345  0.000000
URL http://jaspar.genereg.net/matrix/MA0242.1

MOTIF MA0244.1 slbo
letter-probability matrix: alength= 4 w= 8 nsites= 12 E= 0
 0.750000  0.083333  0.083333  0.083333
 0.000000  0.083333  0.000000  0.916667
 0.000000  0.000000  0.250000  0.750000
 0.250000  0.166667  0.583333  0.000000
 0.166667  0.833333  0.000000  0.000000
 0.583333  0.166667  0.166667  0.083333
 0.500000  0.416667  0.083333  0.000000
 0.916667  0.083333  0.000000  0.000000
URL http://jaspar.genereg.net/matrix/MA0244.1

MOTIF MA0249.1 twi
letter-probability matrix: alength= 4 w= 12 nsites= 15 E= 0
 0.066667  0.266667  0.200000  0.466667
 0.200000  0.466667  0.200000  0.133333
 0.066667  0.200000  0.666667  0.066667
 0.000000  0.933333  0.066667  0.000000
 0.733333  0.200000  0.066667  0.000000
 0.000000  0.266667  0.066667  0.666667
 0.466667  0.066667  0.333333  0.133333
 0.000000  0.000000  0.000000  1.000000
 0.000000  0.000000  0.800000  0.200000
 0.066667  0.000000  0.133333  0.800000
 0.066667  0.133333  0.133333  0.666667
 0.133333  0.200000  0.533333  0.133333
URL http://jaspar.genereg.net/matrix/MA0249.1

MOTIF MA0254.1 vvl
letter-probability matrix: alength= 4 w= 6 nsites= 11 E= 0
 0.000000  0.181818  0.000000  0.818182
 1.000000  0.000000  0.000000  0.000000
 0.181818  0.181818  0.000000  0.636364
 0.000000  0.000000  0.545455  0.454545
 0.272727  0.727273  0.000000  0.000000
 1.000000  0.000000  0.000000  0.000000
URL http://jaspar.genereg.net/matrix/MA0254.1

MOTIF MA0443.1 btd
letter-probability matrix: alength= 4 w= 10 nsites= 30 E= 0
 0.466667  0.100000  0.233333  0.200000
 0.333333  0.000000  0.666667  0.000000
 0.133333  0.000000  0.600000  0.266667
 0.066667  0.000000  0.933333  0.000000
 0.000000  0.000000  1.000000  0.000000
 0.000000  0.000000  1.000000  0.000000
 0.066667  0.933333  0.000000  0.000000
 0.000000  0.000000  1.000000  0.000000
 0.000000  0.000000  0.666667  0.333333
 0.500000  0.033333  0.333333  0.133333
URL http://jaspar.genereg.net/matrix/MA0443.1

MOTIF MA0449.1 h
letter-probability matrix: alength= 4 w= 10 nsites= 34 E= 0
 0.029412  0.058824  0.882353  0.029412
 0.088235  0.205882  0.500000  0.205882
 0.029412  0.911765  0.029412  0.029412
 0.647059  0.029412  0.294118  0.029412
 0.029412  0.882353  0.029412  0.058824
 0.058824  0.029412  0.882353  0.029412
 0.029412  0.294118  0.029412  0.647059
 0.029412  0.029412  0.911765  0.029412
 0.205882  0.500000  0.205882  0.088235
 0.029412  0.882353  0.058824  0.029412
URL http://jaspar.genereg.net/matrix/MA0449.1

MOTIF MA0454.1 odd
letter-probability matrix: alength= 4 w= 11 nsites= 15 E= 0
 0.466667  0.333333  0.000000  0.200000
 0.666667  0.333333  0.000000  0.000000
 0.000000  0.933333  0.066667  0.000000
 0.800000  0.000000  0.200000  0.000000
 0.000000  0.000000  1.000000  0.000000
 0.000000  0.000000  0.000000  1.000000
 1.000000  0.000000  0.000000  0.000000
 0.000000  0.000000  1.000000  0.000000
 0.000000  1.000000  0.000000  0.000000
 0.733333  0.200000  0.066667  0.000000
 0.333333  0.266667  0.400000  0.000000
URL http://jaspar.genereg.net/matrix/MA0454.1

MOTIF MA0456.1 opa
letter-probability matrix: alength= 4 w= 12 nsites= 18 E= 0
 0.000000  0.055556  0.833333  0.111111
 0.555556  0.388889  0.055556  0.000000
 0.055556  0.888889  0.000000  0.055556
 0.055556  0.833333  0.055556  0.055556
 0.000000  0.888889  0.055556  0.055556
 0.000000  1.000000  0.000000  0.000000
 0.000000  1.000000  0.000000  0.000000
 0.000000  0.777778  0.000000  0.222222
 0.222222  0.000000  0.722222  0.055556
 0.000000  0.777778  0.111111  0.111111
 0.166667  0.055556  0.222222  0.555556
 0.111111  0.000000  0.888889  0.000000
URL http://jaspar.genereg.net/matrix/MA0456.1

MOTIF MA0459.1 tll
letter-probability matrix: alength= 4 w= 10 nsites= 33 E= 0
 0.606061  0.121212  0.121212  0.151515
 0.878788  0.000000  0.121212  0.000000
 1.000000  0.000000  0.000000  0.000000
 0.939394  0.030303  0.030303  0.000000
 0.000000  0.000000  1.000000  0.000000
 0.000000  0.060606  0.000000  0.939394
 0.000000  1.000000  0.000000  0.000000
 1.000000  0.000000  0.000000  0.000000
 0.939394  0.000000  0.030303  0.030303
 0.515152  0.303030  0.060606  0.121212
URL http://jaspar.genereg.net/matrix/MA0459.1

MOTIF MA0237.2 pan
letter-probability matrix: alength= 4 w= 14 nsites= 71 E= 0
 0.000000  0.000000  0.478873  0.521127
 0.000000  1.000000  0.000000  0.000000
 0.000000  0.000000  1.000000  0.000000
 0.000000  0.281690  0.563380  0.154930
 0.098592  0.605634  0.042254  0.253521
 0.154930  0.140845  0.267606  0.436620
 0.098592  0.563380  0.000000  0.338028
 0.000000  0.422535  0.211268  0.366197
 0.000000  0.000000  0.000000  1.000000
 0.000000  0.000000  0.000000  1.000000
 0.000000  0.000000  0.154930  0.845070
 0.154930  0.126761  0.577465  0.140845
 0.478873  0.000000  0.295775  0.225352
 0.309859  0.000000  0.000000  0.690141
URL http://jaspar.genereg.net/matrix/MA0237.2

MOTIF MA0917.1 gcm2
letter-probability matrix: alength= 4 w= 8 nsites= 1000 E= 0
 0.730000  0.111000  0.159000  0.000000
 0.000000  0.012000  0.000000  0.988000
 0.235000  0.024000  0.741000  0.000000
 0.047000  0.800000  0.141000  0.012000
 0.070929  0.000000  0.752248  0.176823
 0.000000  0.000000  1.000000  0.000000
 0.000000  0.000000  1.000000  0.000000
 0.055944  0.351648  0.092907  0.499500
URL http://jaspar.genereg.net/matrix/MA0917.1

